2525.173261382276
606.7124524847005
780.0
2280.1973598791838
513.5172830587107
607.4537019394976
1092.0164833920778
647.6109943476871
685.4195795277518
1489.4629904767692
1376.4083696345353
1958.979326077741
1449.0341610879987
2658.0067720004026
745.1845409024533
1804.2449944505875
1800.0
918.313671900838
670.820393249937
228.47319317591726
816.0882305241266
1608.0111939908875
4066.9644699702017
870.0
362.49137920783716
902.4965373894794
1571.7824276915683
180.0
1214.9074038789952
1484.92424049175
768.3749084919418
456.9463863518345
751.7978451685001
1073.3126291998992
920.271699010678
966.0745312862771
607.4537019394976
1205.9850745345068
2397.936613007108
1224.13234578619
456.9463863518345
948.6832980505138
417.85164831552356
934.3446901438462
403.6087214122113
1090.7795377618706
2556.345047132722
1041.393297462587
1200.74976577137
664.0783086353597
840.535543567314
886.3972021616495
2167.487024182613
948.6832980505138
480.93658625644196
1178.81296226331
1281.6005617976296
3965.9046887185777
1206.731121667126
60.0
296.98484809834997
1170.0
954.829827770373
408.0441152620633
632.8506932918697
702.2819946431775
1061.5083607772478
11686.068628927353
2584.879107424562
1999.449924354196
2523.568901377571
2571.0892633278995
4201.071291944473
1644.5364088398896
870.5170877128145
2616.1995336747536
1053.850084215018
690.6518659932802
680.1470429252781
2740.5291459862274
1276.322843170959
1680.2678357928535
1260.3570922560002
3136.39920928443
1023.9628899525608
2815.8480072617554
1472.7525250360293
1142.3659658795864
391.15214431215895
1247.7980605851253
2551.58774099579
1806.2391868188442
1356.6502865514017
530.7541803886239
1429.0206436577464
531.6013544000805
658.6349520030045
1906.8298298484845
939.1485505499118
2257.1885167172018
1253.5549449465707
2313.114783144148
1183.7651794169317
891.9641248391104
2737.900655611887
4538.634155778586
1116.0645142642966
1318.9768762188364
807.7747210701756
1968.1463360228072
1021.7631819555842
2207.1927872299693
1114.8542505637226
540.8326913195984
180.0
258.0697580112788
3081.833869630224
450.99889135118724
979.4896630388705
534.1348144429458
1878.7761974221412
1684.280261714184
1503.5956903370002
1576.6420012165095
1701.8225524419402
878.2368700982669
4250.799924720052
745.1845409024533
2160.208323287363
606.7124524847005
551.5432893255071
1369.5254652615993
1608.0111939908875
692.6037828369117
697.7822009767805
1261.7844506887855
442.944691807002
305.9411708155671
558.0322571321483
1281.6005617976296
872.066511224918
630.7138812488591
1195.4915307102765
1167.304587500623
2200.0454540758924
1679.1962362987836
1922.3423212320954
1148.2595525402783
1408.7228258248674
540.8326913195984
1516.1134522191933
2208.0081521588636
3000.0
308.86890422961005
968.4007434941384
1113.2385189167685
870.0
1123.2987136109434
1527.6452467768818
2510.3386225766435
870.0
1548.7091398968369
1978.4084512557056
997.2462083156797
1236.9316876852984
1046.5658125507446
904.4888059008802
976.7292357659824
218.40329667841556
1214.9074038789952
1385.2075656738234
421.070065428546
1707.6299364909248
2005.5173896029921
6521.6715648674
4321.874593275469
1271.3772060250255
530.7541803886239
241.86773244895647
1170.3845521878695
1098.5900054160334
1560.2884348735013
939.1485505499118
823.7718130647589
1802.2485955050709
1788.4630272946656
2571.0892633278995
690.6518659932802
849.5881355103778
885.889383614004
1154.1230437002807
1500.2999700059984
926.1209424259879
150.0
711.1961754677818
726.2231062146122
626.4183905346331
123.69316876852982
531.6013544000805
2943.365420738648
1083.7435120913065
792.0227269466451
1540.5518491761322
1819.148152295464
1410.3191128251792
192.09372712298546
1215.6479753612887
1718.1385275931625
1247.7980605851253
732.3933369440222
2404.6829312822097
632.8506932918697
971.6480844420987
1567.1949463930773
1513.4397906755328
2568.1121470839234
1489.4629904767692
1167.304587500623
1060.6601717798214
1164.989270336856
1142.3659658795864
630.7138812488591
1766.1823235442032
1235.4756169184402
2294.5587811167534
1410.3191128251792
1261.4277624977183
971.6480844420987
400.24992192379005
1080.4165863221465
1693.0741271426955
1865.0737250843463
1462.942240828393
1397.1757226634022
247.38633753705963
1765.6726763474594
1173.4564329364766
2079.5432190748047
1818.158408940211
642.0280367709809
1350.0
1518.1897114655994
1697.586522095413
1946.5353837010002
582.494635168428
361.2478373637689
1176.1377470347595
2979.681191000138
364.9657518178932
1343.3167906342867
1489.4629904767692
1790.474797365213
1845.6706098326429
499.29950931279717
161.55494421403512
2039.3381279228809
4265.1729156037745
1572.9272074701996
510.8815909777921
1374.1178988718543
1689.0825912311095
212.13203435596427
1221.1879462228571
840.535543567314
1291.394595001853
1730.9246084101987
764.8529270389178
1124.499888839479
1845.6706098326429
570.7889277132134
989.5453501482385
3092.3292192132453
1314.8764200486676
787.4642849044013
1070.794097854485
1835.6470248934027
1368.5393673548454
1718.4004189943623
1060.6601717798214
2885.619517538652
1972.941965694886
324.4996147917591
657.9513659838393
540.8326913195984
276.5863337187866
1770.0
1178.81296226331
1260.0
1422.708684165525
1659.5180023127198
967.4709297958259
870.0
416.77331968349415
2421.2806528777287
189.73665961010278
381.8376618407357
1355.322839769182
1668.1726529349414
2135.9073013593074
976.7292357659824
956.7131231461185
844.8076704197234
1874.459922217597
1366.2357044082842
2402.436263462571
1399.4284547628722
429.5346318982906
953.4149149242422
1106.3453348751464
1788.4630272946656
1965.4007224991037
1690.6803364326445
1632.1764610482533
1818.158408940211
550.7267925205746
975.8073580374356
823.7718130647589
2305.319934412575
8949.860334105779
7390.723915828543
2061.9408332927496
1382.9316685939332
630.7138812488591
722.4956747275378
3457.817230566127
2913.863414781139
1240.2015965156634
1426.1837188805655
2363.154671196957
400.24992192379005
1310.4197800704933
1351.332675546625
536.6563145999496
684.1052550594827
2430.740627874558
6495.536929307692
1343.3167906342867
2742.3347716863454
2567.5864152935533
2439.6106246694367
1111.6204388189344
1697.586522095413
3062.058131388103
752.3961722390673
742.1590126111788
635.6886030125128
1651.0905486980416
1034.456378974
1977.725966861941
831.9254774317228
2523.568901377571
1060.6601717798214
618.4658438426492
189.73665961010278
800.4998438475801
216.33307652783935
859.0692637965813
1455.2319402761884
807.7747210701756
426.38011210655685
540.8326913195984
1065.3168542738822
1140.3946685248927
1443.1216164966834
1060.2358228243374
1068.2696288858915
436.8065933568311
725.6031973468695
127.27922061357854
1906.8298298484845
1825.0753409106155
1274.5587471748802
721.2489168102785
1871.0959355415212
1506.5855435387664
1098.5900054160334
1490.3690818049065
1183.7651794169317
1271.3772060250255
1849.8108011361594
647.6109943476871
782.3042886243179
453.9823785126467
1021.7631819555842
2623.9283526803856
1382.9316685939332
3729.302883918119
1186.8024266911489
1812.456896039186
1020.441081101697
510.8815909777921
1555.9562975867927
1544.34452114805
2520.1785651020846
573.149195236284
416.77331968349415
626.4183905346331
764.8529270389178
513.5172830587107
379.47331922020555
941.5412895885129
600.0
161.55494421403512
1781.9090885900996
1206.731121667126
1615.5494421403512
729.9315036357864
684.1052550594827
626.4183905346331
1583.1929762350514
1239.112585683803
254.5584412271571
1489.4629904767692
1178.81296226331
636.3961030678928
1466.3219291819923
1120.0892821556683
1248.879497789919
1002.6464980241042
1070.794097854485
1570.350279396288
2118.1359729724622
1247.7980605851253
1315.9027319676786
924.1753080449618
234.30749027719963
1018.6756107809788
3136.829609653671
590.9314681077662
1188.6967653695372
1005.7832768544126
1804.2449944505875
2043.5263639111683
1402.6403673073153
2151.023012429202
3162.5464423467365
1532.3511346946561
1272.7922061357856
560.4462507680822
2273.081608741754
2401.8742681497715
1243.1009613060396
536.6563145999496
766.6159403508383
1224.499897917513
626.4183905346331
469.5742752749559
560.4462507680822
1082.081327812286
1435.6183336806478
1972.0294115453755
1394.596715900335
1033.1505214633537
2898.2235938588315
1667.3631877908304
902.4965373894794
342.05262752974136
885.889383614004
429.5346318982906
952.9428104561155
1298.3451005029442
2336.3432966925047
1320.3408650799233
930.4837451562494
2109.834116702069
1294.1792766073795
494.77267507411926
445.9820624195552
1631.349134918703
2702.66535109325
2223.240877637869
1800.2499826412998
750.5997601918083
3691.950703896248
2001.9240744843446
1113.642671596235
536.6563145999496
729.9315036357864
1978.4084512557056
740.9453421137081
1135.649593844862
607.4537019394976
550.7267925205746
3914.8563192025326
11414.08340603835
8611.306521080294
3396.4981966725672
509.1168824543142
606.7124524847005
469.5742752749559
2503.1580054003784
496.58836071740546
1871.0959355415212
1317.9529581893278
700.3570517957252
1158.792474949678
216.33307652783935
1204.8651376813923
1705.78427709954
874.642784226795
913.892772703669
1358.3077707206126
1507.4813431681334
300.0
2316.031087874254
732.3933369440222
836.7795408588812
885.889383614004
1170.3845521878695
1590.2829936838286
530.7541803886239
2406.9275020241053
2401.6869071550523
2220.81066279861
1824.828759089466
632.8506932918697
1432.7944723511464
674.1661516273269
1194.361754243663
1314.8764200486676
241.86773244895647
484.6648326421053
513.5172830587107
1385.2075656738234
2283.1557108528536
3409.589418097141
3523.3081046085085
780.5767098754613
1492.1796138535065
852.7602242131137
1722.8464818433476
1106.752004741803
1234.382436686459
1517.0036255724638
1489.4629904767692
496.58836071740546
258.0697580112788
750.5997601918083
182.4828759089466
2444.9539872971027
1776.3445611704956
2958.462438497403
713.0918594402827
323.10988842807024
161.55494421403512
1176.1377470347595
752.3961722390673
1470.9180806557515
1103.0865786510142
408.0441152620633
553.1726674375732
484.6648326421053
268.3281572999748
361.2478373637689
1061.5083607772478
2418.677324489565
318.9043743820395
1788.4630272946656
1126.0994627474076
664.0783086353597
1520.8550226763891
3074.6707140765498
956.7131231461185
823.7718130647589
918.313671900838
468.61498055439927
1597.904878270293
512.6402247190518
1002.6464980241042
1218.2364302548172
874.642784226795
2101.0711553871756
1528.8230767489088
2105.35032714273
488.3646178829912
818.8406438373709
323.10988842807024
577.0615218501404
551.5432893255071
797.1198153351854
1113.642671596235
1618.054387219416
1920.9372712298546
1002.6464980241042
324.4996147917591
324.4996147917591
301.4962686336267
615.5485358604958
1317.9529581893278
1081.6653826391969
1444.9913494550756
1602.404443328837
1065.3168542738822
859.0692637965813
1824.828759089466
3072.621030976648
960.4686356149273
1494.5902448497382
930.0
2172.671167019989
276.5863337187866
2100.8569680013916
3795.918861092792
